200000 0.001403944 100000
220000 2.4127700000000003E-4 210000
240000 2.66479E-4 330000
260000 2.7283600000000004E-4 460000
280000 2.94004E-4 600000
300000 3.5327400000000005E-4 750000
320000 3.55021E-4 910000
340000 2.96921E-4 1080000
360000 2.98036E-4 1260000
380000 1.12366E-4 1450000
400000 1.18178E-4 1650000
420000 1.3208E-4 1860000
440000 1.58039E-4 2080000
460000 1.35814E-4 2310000
480000 1.4200200000000001E-4 2550000
500000 1.48082E-4 2800000
520000 1.53924E-4 3060000
540000 1.60447E-4 3330000
560000 1.8284300000000002E-4 3610000
580000 1.71222E-4 3900000
600000 1.7707900000000002E-4 4200000
620000 1.83431E-4 4510000
640000 1.88772E-4 4830000
660000 1.99535E-4 5160000
680000 2.00711E-4 5500000
700000 2.33004E-4 5850000
720000 2.13043E-4 6210000
740000 2.34751E-4 6580000
760000 2.49061E-4 6960000
780000 2.7085900000000003E-4 7350000
800000 2.5388900000000004E-4 7750000
820000 2.42405E-4 8160000
840000 2.4774700000000004E-4 8580000
860000 2.53635E-4 9010000
880000 2.77995E-4 9450000
900000 2.65923E-4 9900000
920000 2.7154100000000003E-4 10360000
940000 2.93725E-4 10830000
960000 2.83038E-4 11310000
980000 2.88971E-4 11800000
1000000 2.95082E-4 12300000
1020000 3.1598600000000003E-4 12810000
1040000 3.1632700000000004E-4 13330000
1060000 3.42344E-4 13860000
1080000 3.38202E-4 14400000
1100000 3.24857E-4 14950000
1120000 3.30537E-4 15510000
1140000 3.64028E-4 16080000
1160000 3.5831100000000005E-4 16660000
1180000 3.6313700000000003E-4 17250000
1200000 3.53505E-4 17850000
1220000 3.7457100000000003E-4 18460000
1240000 4.4837400000000003E-4 19080000
1260000 3.8886600000000003E-4 19710000
1280000 3.7716800000000005E-4 20350000
1300000 3.8284E-4 21000000
1320000 4.0551000000000004E-4 21660000
1340000 3.9455400000000003E-4 22330000
1360000 5.63559E-4 23010000
1380000 4.06503E-4 23700000
1400000 4.23157E-4 24400000
1420000 4.3427600000000004E-4 25110000
1440000 4.2411900000000004E-4 25830000
1460000 4.50814E-4 26560000
1480000 4.52232E-4 27300000
1500000 4.5999400000000003E-4 28050000
1520000 4.47465E-4 28810000
1540000 4.6952200000000005E-4 29580000
1560000 4.59522E-4 30360000
1580000 4.952860000000001E-4 31150000
1600000 5.282E-4 31950000
1620000 5.30197E-4 32760000
1640000 8.11148E-4 33580000
1660000 6.591520000000001E-4 34410000
1680000 4.94614E-4 35250000
1700000 5.41254E-4 36100000
1720000 5.06382E-4 36960000
1740000 5.230710000000001E-4 37830000
1760000 5.18133E-4 38710000
1780000 5.28682E-4 39600000
1800000 5.40847E-4 40500000
1820000 5.35732E-4 41410000
1840000 5.41703E-4 42330000
1860000 5.6151E-4 43260000
1880000 5.66238E-4 44200000
1900000 5.59414E-4 45150000
1920000 5.813130000000001E-4 46110000
1940000 7.1489E-4 47080000
1960000 5.77027E-4 48060000
1980000 6.145450000000001E-4 49050000
2000000 5.93841E-4 50050000
2020000 5.94642E-4 51060000
2040000 6.005800000000001E-4 52080000
2060000 6.06314E-4 53110000
2080000 6.20874E-4 54150000
2100000 6.851870000000001E-4 55200000
2120000 0.0010105300000000002 56260000
2140000 8.02738E-4 57330000
2160000 6.40919E-4 58410000
2180000 6.416260000000001E-4 59500000
2200000 6.705880000000001E-4 60600000
2220000 6.53551E-4 61710000
2240000 6.706290000000001E-4 62830000
2260000 6.65248E-4 63960000
2280000 6.833610000000001E-4 65100000
2300000 6.76936E-4 66250000
2320000 7.00547E-4 67410000
2340000 6.887750000000001E-4 68580000
2360000 6.98859E-4 69760000
2380000 7.0049E-4 70950000
2400000 7.06325E-4 72150000
2420000 8.747440000000001E-4 73360000
2440000 7.255590000000001E-4 74580000
2460000 7.312400000000001E-4 75810000
2480000 7.476410000000001E-4 77050000
2500000 8.319610000000001E-4 78300000
2520000 0.00121243 79560000
2540000 9.32951E-4 80830000
2560000 7.53417E-4 82110000
2580000 7.59249E-4 83400000
2600000 7.831720000000001E-4 84700000
2620000 7.71084E-4 86010000
2640000 7.769000000000001E-4 87330000
2660000 7.82834E-4 88660000
2680000 8.056360000000001E-4 90000000
2700000 8.38059E-4 91350000
2720000 8.1085E-4 92710000
2740000 8.065520000000001E-4 94080000
2760000 8.121560000000001E-4 95460000
2780000 8.448720000000001E-4 96850000
2800000 9.90709E-4 98250000
2820000 8.51383E-4 99660000
2840000 8.505920000000001E-4 101080000
2860000 0.0010298920000000001 102510000
2880000 8.754600000000001E-4 103950000
2900000 8.58508E-4 105400000
2920000 8.857190000000001E-4 106860000
2940000 8.90378E-4 108330000
2960000 8.75433E-4 109810000
2980000 9.445570000000001E-4 111300000
3000000 8.82976E-4 112800000
3020000 8.887910000000001E-4 114310000
3040000 8.94721E-4 115830000
3060000 9.1847E-4 117360000
3080000 9.0634E-4 118900000
3100000 9.628740000000001E-4 120450000
3120000 9.50917E-4 122010000
3140000 9.40604E-4 123580000
3160000 0.001584843 125160000
3180000 9.35789E-4 126750000
3200000 0.001290177 128350000
3220000 9.53561E-4 129960000
3240000 9.5337E-4 131580000
3260000 9.59203E-4 133210000
3280000 0.00103068 134850000
3300000 9.710150000000001E-4 136500000
3320000 0.001013376 138160000
3340000 9.82788E-4 139830000
3360000 0.0010974070000000001 141510000
3380000 0.001048747 143200000
3400000 0.001000531 144900000
3420000 0.001029917 146610000
3440000 0.0010674740000000001 148330000
3460000 0.001144346 150060000
3480000 0.001046265 151800000
3500000 0.001123309 153550000
3520000 0.0010572090000000001 155310000
3540000 0.001067776 157080000
3560000 0.001130652 158860000
3580000 0.001106433 160650000
3600000 0.001160439 162450000
3620000 0.001088267 164260000
3640000 0.001098762 166080000
3660000 0.00114341 167910000
3680000 0.001115373 169750000
3700000 0.0011349560000000001 171600000
3720000 0.001148114 173460000
3740000 0.001302528 175330000
3760000 0.001171085 177210000
3780000 0.0017540630000000001 179100000
3800000 0.001228111 181000000
3820000 0.0013917880000000001 182910000
3840000 0.001152019 184830000
3860000 0.001155867 186760000
3880000 0.001294229 188700000
3900000 0.001348678 190650000
3920000 0.001180389 192610000
3940000 0.0026250400000000004 194580000
3960000 0.0014248540000000001 196560000
3980000 0.001370183 198550000
4000000 0.0012593930000000001 200550000
4020000 0.001219679 202560000
4040000 0.0012100910000000002 204580000
4060000 0.001278361 206610000
4080000 0.001220483 208650000
4100000 0.0012291280000000001 210700000
4120000 0.001296679 212760000
4140000 0.001261668 214830000
4160000 0.0020349920000000002 216910000
4180000 0.001299854 219000000
4200000 0.001255713 221100000
4220000 0.0014148770000000001 223210000
4240000 0.001709419 225330000
4260000 0.001275871 227460000
4280000 0.001373028 229600000
4300000 0.001456802 231750000
4320000 0.001380492 233910000
4340000 0.001312594 236080000
4360000 0.001302867 238260000
4380000 0.0013304950000000001 240450000
4400000 0.001326714 242650000
4420000 0.001420817 244860000
4440000 0.001389447 247080000
4460000 0.001576094 249310000
4480000 0.0013798340000000001 251550000
4500000 0.001424551 253800000
4520000 0.00133946 256060000
4540000 0.0013356770000000002 258330000
4560000 0.0013959290000000002 260610000
4580000 0.0013514190000000002 262900000
4600000 0.001422944 265200000
4620000 0.001380116 267510000
4640000 0.001456129 269830000
4660000 0.0013710670000000001 272160000
4680000 0.001607956 274500000
4700000 0.001387213 276850000
4720000 0.001480879 279210000
4740000 0.001412672 281580000
4760000 0.001429483 283960000
4780000 0.001414572 286350000
4800000 0.00142391 288750000
4820000 0.0014180920000000001 291160000
4840000 0.0014339040000000002 293580000
4860000 0.001469707 296010000
4880000 0.001476604 298450000
4900000 0.0014419620000000002 300900000
4920000 0.0014509940000000002 303360000
4940000 0.001471485 305830000
4960000 0.0014592210000000001 308310000
4980000 0.001468492 310800000
5000000 0.0014773490000000002 313300000
5020000 0.0015714140000000001 315810000
5040000 0.001572601 318330000
5060000 0.0015441580000000001 320860000
5080000 0.001561993 323400000
5100000 0.001533445 325950000
5120000 0.001528339 328510000
5140000 0.0015406530000000001 331080000
5160000 0.0017153740000000002 333660000
5180000 0.0015748280000000001 336250000
5200000 0.0015544620000000002 338850000
5220000 0.0015574730000000002 341460000
5240000 0.0015531470000000002 344080000
5260000 0.0015921980000000002 346710000
5280000 0.001598482 349350000
5300000 0.0016304800000000001 352000000
5320000 0.0016487930000000002 354660000
5340000 0.001611299 357330000
5360000 0.001581109 360010000
5380000 0.0016654600000000001 362700000
5400000 0.001588666 365400000
5420000 0.0015984410000000001 368110000
5440000 0.001675052 370830000
5460000 0.0016064780000000002 373560000
5480000 0.0016759680000000001 376300000
5500000 0.001631202 379050000
5520000 0.00174017 381810000
5540000 0.0016407210000000001 384580000
5560000 0.001751004 387360000
5580000 0.001677892 390150000
5600000 0.00165529 392950000
5620000 0.00170753 395760000
5640000 0.0016590910000000001 398580000
5660000 0.001725874 401410000
5680000 0.001731279 404250000
5700000 0.00176461 407100000
5720000 0.0017397930000000001 409960000
5740000 0.0017239760000000001 412830000
5760000 0.0017531030000000002 415710000
5780000 0.001846121 418600000
5800000 0.001722053 421500000
5820000 0.001716223 424410000
5840000 0.001814595 427330000
5860000 0.001760966 430260000
5880000 0.001733448 433200000
5900000 0.001814704 436150000
5920000 0.001741506 439110000
5940000 0.0020174200000000002 442080000
5960000 0.0018557180000000001 445060000
5980000 0.001768138 448050000
6000000 0.0018549150000000002 451050000
6020000 0.0017798260000000002 454060000
6040000 0.001814403 457080000
6060000 0.001837649 460110000
6080000 0.0018381860000000001 463150000
6100000 0.0018459120000000001 466200000
6120000 0.001962171 469260000
6140000 0.0018788950000000002 472330000
6160000 0.001888076 475410000
6180000 0.0019182690000000002 478500000
6200000 0.001997979 481600000
6220000 0.0019034890000000002 484710000
6240000 0.0019273310000000002 487830000
6260000 0.0018913880000000001 490960000
6280000 0.0018612630000000002 494100000
6300000 0.0019619570000000003 497250000
6320000 0.0019322540000000002 500410000
6340000 0.001908643 503580000
6360000 0.001878829 506760000
6380000 0.001916301 509950000
6400000 0.002002339 513150000
6420000 0.001953126 516360000
6440000 0.0019457130000000002 519580000
6460000 0.001980178 522810000
6480000 0.002197912 526050000
6500000 0.002004229 529300000
6520000 0.002033586 532560000
6540000 0.0019417280000000002 535830000
6560000 0.002058246 539110000
6580000 0.002070012 542400000
6600000 0.001963477 545700000
6620000 0.0020895690000000003 549010000
6640000 0.002069379 552330000
6660000 0.00199451 555660000
6680000 0.0020087300000000002 559000000
6700000 0.0020722970000000003 562350000
6720000 0.0020747630000000003 565710000
6740000 0.002059294 569080000
6760000 0.0020282620000000003 572460000
6780000 0.002141666 575850000
6800000 0.002111463 579250000
6820000 0.002051148 582660000
6840000 0.00205876 586080000
6860000 0.0021057380000000002 589510000
6880000 0.002076095 592950000
6900000 0.00223105 596400000
6920000 0.0021003000000000003 599860000
6940000 0.002534459 603330000
6960000 0.002200257 606810000
6980000 0.003511839 610300000
7000000 0.002204535 613800000
7020000 0.002111768 617310000
7040000 0.0021136880000000003 620830000
7060000 0.002252968 624360000
7080000 0.0021998810000000003 627900000
7100000 0.002234068 631450000
7120000 0.002159725 635010000
7140000 0.0021695010000000003 638580000
7160000 0.0022236540000000003 642160000
7180000 0.002223127 645750000
7200000 0.0021934790000000003 649350000
7220000 0.002195542 652960000
7240000 0.002320871 656580000
7260000 0.0022194800000000002 660210000
7280000 0.002212957 663850000
7300000 0.0023940790000000003 667500000
7320000 0.0026250870000000003 671160000
7340000 0.002166573 674830000
7360000 0.002200142 678510000
7380000 0.0022272570000000003 682200000
7400000 0.002231223 685900000
7420000 0.002259366 689610000
7440000 0.002870375 693330000
7460000 0.002276923 697060000
7480000 0.0022386980000000003 700800000
7500000 0.002273747 704550000
7520000 0.002239942 708310000
7540000 0.002253741 712080000
7560000 0.002259084 715860000
7580000 0.0024018670000000002 719650000
7600000 0.00229836 723450000
7620000 0.0022788640000000002 727260000
7640000 0.002394948 731080000
7660000 0.0023083450000000003 734910000
7680000 0.0026020270000000002 738750000
7700000 0.002395739 742600000
7720000 0.0023335110000000004 746460000
7740000 0.002290541 750330000
7760000 0.0023198100000000003 754210000
7780000 0.0023747300000000002 758100000
7800000 0.002326991 762000000
7820000 0.00233262 765910000
7840000 0.0023401150000000003 769830000
7860000 0.002321024 773760000
7880000 0.00233969 777700000
7900000 0.002430297 781650000
7920000 0.0023619970000000002 785610000
7940000 0.002347389 789580000
7960000 0.002349653 793560000
7980000 0.0023704570000000003 797550000
8000000 0.002380244 801550000
8020000 0.002450967 805560000
8040000 0.00243588 809580000
8060000 0.002419295 813610000
8080000 0.002419281 817650000
8100000 0.002438897 821700000
8120000 0.002454845 825760000
8140000 0.00243608 829830000
8160000 0.0024519190000000003 833910000
8180000 0.002476428 838000000
8200000 0.00245941 842100000
8220000 0.0024652890000000003 846210000
8240000 0.0024659860000000003 850330000
8260000 0.00250476 854460000
8280000 0.0024771850000000002 858600000
8300000 0.002502503 862750000
8320000 0.002532976 866910000
8340000 0.002509381 871080000
8360000 0.002517231 875260000
8380000 0.002547899 879450000
8400000 0.0025113820000000004 883650000
8420000 0.002552988 887860000
8440000 0.0025277980000000004 892080000
8460000 0.002599054 896310000
8480000 0.002573035 900550000
8500000 0.002549476 904800000
8520000 0.0025900510000000003 909060000
8540000 0.002567554 913330000
8560000 0.00255683 917610000
8580000 0.002613574 921900000
8600000 0.002598697 926200000
8620000 0.002592702 930510000
8640000 0.002615688 934830000
8660000 0.0026003180000000003 939160000
8680000 0.002610443 943500000
8700000 0.0026141050000000002 947850000
8720000 0.002645258 952210000
8740000 0.0026110900000000004 956580000
8760000 0.002650931 960960000
8780000 0.002637144 965350000
8800000 0.002660513 969750000
8820000 0.002659708 974160000
8840000 0.002684068 978580000
8860000 0.0026469690000000003 983010000
8880000 0.0026956230000000003 987450000
8900000 0.0026737830000000003 991900000
8920000 0.002692083 996360000
8940000 0.002691484 1000830000
8960000 0.00271069 1005310000
8980000 0.002682929 1009800000
9000000 0.0027141960000000003 1014300000
9020000 0.002721437 1018810000
9040000 0.0027441320000000003 1023330000
9060000 0.002713238 1027860000
9080000 0.0027367090000000004 1032400000
9100000 0.0027248470000000003 1036950000
9120000 0.002756997 1041510000
9140000 0.002735842 1046080000
9160000 0.002765444 1050660000
9180000 0.0027599 1055250000
9200000 0.0027509160000000004 1059850000
9220000 0.002778272 1064460000
9240000 0.002771579 1069080000
9260000 0.0027913020000000003 1073710000
9280000 0.002776438 1078350000
9300000 0.002795947 1083000000
9320000 0.002823658 1087660000
9340000 0.002817366 1092330000
9360000 0.002821863 1097010000
9380000 0.0028323940000000002 1101700000
9400000 0.0028128520000000002 1106400000
9420000 0.0028401760000000002 1111110000
9440000 0.002817505 1115830000
9460000 0.002855254 1120560000
9480000 0.0028602700000000003 1125300000
9500000 0.002835592 1130050000
9520000 0.002881058 1134810000
9540000 0.00288624 1139580000
9560000 0.0028596660000000003 1144360000
9580000 0.002877503 1149150000
9600000 0.002896726 1153950000
9620000 0.002877446 1158760000
9640000 0.002902181 1163580000
9660000 0.002913562 1168410000
9680000 0.002901079 1173250000
9700000 0.0029069070000000002 1178100000
9720000 0.002926418 1182960000
9740000 0.0029266550000000002 1187830000
9760000 0.002917055 1192710000
9780000 0.0029443760000000003 1197600000
9800000 0.002951341 1202500000
9820000 0.002964069 1207410000
9840000 0.0029432240000000004 1212330000
9860000 0.0031705550000000002 1217260000
9880000 0.0032382400000000003 1222200000
9900000 0.002915262 1227150000
9920000 0.002985962 1232110000
9940000 0.002932347 1237080000
9960000 0.003034749 1242060000
9980000 0.002956469 1247050000
