200000 1.8589E-5 446
220000 1.2100000000000001E-5 468
240000 1.3158E-5 489
260000 1.2204E-5 509
280000 1.5795E-5 528
300000 1.3008000000000001E-5 547
320000 1.3838E-5 565
340000 1.4373000000000001E-5 582
360000 1.4176000000000001E-5 599
380000 1.4915E-5 615
400000 1.4859000000000001E-5 631
420000 1.5841E-5 647
440000 1.5993E-5 662
460000 1.6095E-5 677
480000 1.6621000000000002E-5 692
500000 1.7250000000000003E-5 706
520000 1.7101E-5 720
540000 1.7609E-5 734
560000 1.7942000000000002E-5 747
580000 1.8729E-5 761
600000 1.8109000000000002E-5 774
620000 2.3138E-5 786
640000 1.8977E-5 799
660000 1.9527E-5 811
680000 1.9241E-5 824
700000 1.9816E-5 836
720000 2.0072E-5 848
740000 2.0320000000000002E-5 859
760000 2.0937E-5 871
780000 2.1154E-5 882
800000 2.1244000000000002E-5 893
820000 2.1264000000000002E-5 905
840000 2.1588E-5 916
860000 2.2068000000000003E-5 926
880000 2.1752E-5 937
900000 2.2133000000000003E-5 948
920000 2.256E-5 958
940000 2.2965E-5 969
960000 2.6867000000000002E-5 979
980000 2.2875E-5 989
1000000 2.3859000000000003E-5 999
1020000 2.3765E-5 1009
1040000 2.406E-5 1019
1060000 2.4114E-5 1029
1080000 2.4523000000000002E-5 1038
1100000 3.5255E-5 1048
1120000 2.4768E-5 1057
1140000 2.4871000000000003E-5 1067
1160000 2.5611000000000003E-5 1076
1180000 2.5359000000000002E-5 1085
1200000 2.5798000000000003E-5 1094
1220000 2.6061E-5 1104
1240000 2.6518000000000003E-5 1113
1260000 2.6472E-5 1121
1280000 2.6193E-5 1130
1300000 3.1478E-5 1139
1320000 2.7091000000000002E-5 1148
1340000 2.7184000000000003E-5 1157
1360000 2.7663000000000003E-5 1165
1380000 2.7229000000000003E-5 1174
1400000 2.7785000000000002E-5 1182
1420000 2.8107E-5 1191
1440000 2.7950000000000002E-5 1199
1460000 2.8615000000000003E-5 1207
1480000 2.8456000000000003E-5 1216
1500000 2.8683000000000003E-5 1224
1520000 2.8957E-5 1232
1540000 2.9269E-5 1240
1560000 2.8483E-5 1248
1580000 2.941E-5 1256
1600000 2.9311E-5 1264
1620000 2.9358000000000003E-5 1272
1640000 3.0146000000000002E-5 1280
1660000 3.006E-5 1287
1680000 3.0136E-5 1295
1700000 3.1039E-5 1303
1720000 3.0822000000000004E-5 1310
1740000 3.0887000000000004E-5 1318
1760000 3.1128000000000004E-5 1326
1780000 3.16E-5 1333
1800000 3.1139E-5 1341
1820000 3.0905E-5 1348
1840000 3.1267000000000004E-5 1355
1860000 3.2128E-5 1363
1880000 3.1872E-5 1370
1900000 3.9987E-5 1377
1920000 3.2622E-5 1385
1940000 3.2645E-5 1392
1960000 1.6864E-5 1399
1980000 2.3855E-5 1406
2000000 1.6003000000000002E-5 1413
2020000 9.273E-6 1420
2040000 2.09E-5 1427
2060000 3.958E-6 1434
2080000 3.766E-6 1441
2100000 3.8030000000000003E-6 1448
2120000 3.8090000000000003E-6 1455
2140000 4.360000000000001E-6 1462
2160000 3.7750000000000003E-6 1469
2180000 3.8090000000000003E-6 1475
2200000 3.863E-6 1482
2220000 3.856E-6 1489
2240000 3.876E-6 1496
2260000 4.359E-6 1502
2280000 3.888E-6 1509
2300000 3.982E-6 1516
2320000 3.97E-6 1522
2340000 3.9760000000000006E-6 1529
2360000 4.3920000000000005E-6 1535
2380000 4.023E-6 1542
2400000 4.0760000000000004E-6 1548
2420000 4.035E-6 1555
2440000 4.06E-6 1561
2460000 1.0163E-5 1567
2480000 4.16E-6 1574
2500000 4.169E-6 1580
2520000 4.114E-6 1586
2540000 4.145E-6 1593
2560000 4.659000000000001E-6 1599
2580000 4.1490000000000004E-6 1605
2600000 4.1660000000000004E-6 1611
2620000 4.165E-6 1618
2640000 4.181E-6 1624
2660000 4.609E-6 1630
2680000 4.227E-6 1636
2700000 4.544E-6 1642
2720000 4.3070000000000004E-6 1648
2740000 4.486E-6 1654
2760000 4.672E-6 1660
2780000 4.264E-6 1666
2800000 4.3070000000000004E-6 1672
2820000 4.303E-6 1678
2840000 4.3240000000000004E-6 1684
2860000 4.8150000000000005E-6 1690
2880000 4.376E-6 1696
2900000 4.3700000000000005E-6 1702
2920000 4.395E-6 1708
2940000 4.398E-6 1714
2960000 4.864E-6 1719
2980000 4.425E-6 1725
3000000 4.446E-6 1731
3020000 4.459E-6 1737
3040000 4.513000000000001E-6 1743
3060000 5.173E-6 1748
3080000 4.5890000000000004E-6 1754
3100000 4.508E-6 1760
3120000 4.597E-6 1765
3140000 4.462000000000001E-6 1771
3160000 5.6831000000000005E-5 1777
3180000 4.515E-6 1782
3200000 4.508E-6 1788
3220000 5.475E-6 1793
3240000 4.5960000000000006E-6 1799
3260000 3.4875E-5 1805
3280000 4.717E-6 1810
3300000 4.624E-6 1816
3320000 4.68E-6 1821
3340000 1.5342E-5 1827
3360000 4.673E-6 1832
3380000 4.715000000000001E-6 1837
3400000 4.683E-6 1843
3420000 4.711E-6 1848
3440000 3.5292E-5 1854
3460000 5.8630000000000004E-6 1859
3480000 1.8241E-5 1864
3500000 1.8800000000000002E-6 1870
3520000 1.916E-6 1875
3540000 1.689E-6 1880
3560000 1.6870000000000001E-6 1886
3580000 1.7130000000000002E-6 1891
3600000 1.7040000000000001E-6 1896
3620000 1.692E-6 1902
3640000 1.757E-6 1907
3660000 1.7380000000000001E-6 1912
3680000 1.7440000000000002E-6 1917
3700000 1.7250000000000002E-6 1923
3720000 1.7330000000000002E-6 1928
3740000 1.7240000000000001E-6 1933
3760000 1.8030000000000001E-6 1938
3780000 1.715E-6 1943
3800000 1.7270000000000002E-6 1948
3820000 1.743E-6 1953
3840000 1.791E-6 1959
3860000 1.7810000000000002E-6 1964
3880000 1.777E-6 1969
3900000 1.7860000000000001E-6 1974
3920000 1.7950000000000002E-6 1979
3940000 1.8090000000000002E-6 1984
3960000 1.802E-6 1989
3980000 2.164E-6 1994
4000000 1.804E-6 1999
4020000 1.793E-6 2004
4040000 1.8000000000000001E-6 2009
4060000 1.819E-6 2014
4080000 1.794E-6 2019
4100000 1.7890000000000002E-6 2024
4120000 1.8030000000000001E-6 2029
4140000 2.5340000000000002E-6 2034
4160000 1.9140000000000002E-6 2039
4180000 1.8660000000000002E-6 2044
4200000 1.8620000000000001E-6 2048
4220000 1.8370000000000002E-6 2053
4240000 1.8540000000000002E-6 2058
4260000 1.903E-6 2063
4280000 2.52E-6 2068
4300000 1.87E-6 2073
4320000 1.995E-6 2077
4340000 1.8820000000000001E-6 2082
4360000 1.892E-6 2087
4380000 1.819E-6 2092
4400000 1.8510000000000002E-6 2097
4420000 1.886E-6 2101
4440000 1.867E-6 2106
4460000 1.887E-6 2111
4480000 1.898E-6 2116
4500000 1.886E-6 2120
4520000 1.889E-6 2125
4540000 1.917E-6 2130
4560000 1.9E-6 2134
4580000 1.9E-6 2139
4600000 1.9070000000000001E-6 2144
4620000 2.16E-6 2148
4640000 2.7770000000000003E-6 2153
4660000 2.278E-6 2158
4680000 1.924E-6 2162
4700000 2.181E-6 2167
4720000 1.918E-6 2172
4740000 1.9370000000000003E-6 2176
4760000 1.9210000000000003E-6 2181
4780000 1.933E-6 2185
4800000 1.9490000000000003E-6 2190
4820000 1.958E-6 2194
4840000 1.957E-6 2199
4860000 1.972E-6 2204
4880000 1.946E-6 2208
4900000 1.963E-6 2213
4920000 1.974E-6 2217
4940000 1.978E-6 2222
4960000 1.992E-6 2226
4980000 2.6750000000000002E-6 2231
5000000 3.388E-6 2235
5020000 2.988E-6 2240
5040000 2.4780000000000002E-6 2244
5060000 1.984E-6 2248
5080000 1.992E-6 2253
5100000 2.001E-6 2257
5120000 2.0100000000000002E-6 2262
5140000 1.986E-6 2266
5160000 2.001E-6 2271
5180000 2.002E-6 2275
5200000 1.968E-6 2279
5220000 2.009E-6 2284
5240000 2.046E-6 2288
5260000 2.442E-6 2292
5280000 2.012E-6 2297
5300000 2.2020000000000003E-6 2301
5320000 2.2020000000000003E-6 2306
5340000 2.0610000000000003E-6 2310
5360000 2.035E-6 2314
5380000 2.032E-6 2318
5400000 2.048E-6 2323
5420000 2.1000000000000002E-6 2327
5440000 2.0500000000000003E-6 2331
5460000 2.0330000000000003E-6 2336
5480000 2.065E-6 2340
5500000 2.046E-6 2344
5520000 2.012E-6 2348
5540000 2.03E-6 2353
5560000 2.037E-6 2357
5580000 2.0670000000000003E-6 2361
5600000 2.051E-6 2365
5620000 2.0900000000000003E-6 2370
5640000 2.6480000000000003E-6 2374
5660000 2.113E-6 2378
5680000 2.1010000000000003E-6 2382
5700000 2.5850000000000002E-6 2386
5720000 2.137E-6 2391
5740000 2.098E-6 2395
5760000 2.1240000000000003E-6 2399
5780000 2.113E-6 2403
5800000 2.081E-6 2407
5820000 2.086E-6 2411
5840000 2.109E-6 2416
5860000 2.0900000000000003E-6 2420
5880000 2.12E-6 2424
5900000 2.093E-6 2428
5920000 2.1340000000000002E-6 2432
5940000 2.132E-6 2436
5960000 2.1230000000000003E-6 2440
5980000 2.128E-6 2444
6000000 2.105E-6 2448
6020000 2.0950000000000003E-6 2453
6040000 2.127E-6 2457
6060000 2.121E-6 2461
6080000 2.155E-6 2465
6100000 2.116E-6 2469
6120000 2.087E-6 2473
6140000 2.147E-6 2477
6160000 2.1850000000000003E-6 2481
6180000 2.181E-6 2485
6200000 2.1630000000000003E-6 2489
6220000 2.172E-6 2493
6240000 2.1740000000000003E-6 2497
6260000 2.171E-6 2501
6280000 2.1910000000000003E-6 2505
6300000 2.1510000000000002E-6 2509
6320000 2.16E-6 2513
6340000 2.2370000000000004E-6 2517
6360000 2.177E-6 2521
6380000 2.198E-6 2525
6400000 2.187E-6 2529
6420000 2.212E-6 2533
6440000 2.177E-6 2537
6460000 2.209E-6 2541
6480000 2.1970000000000003E-6 2545
6500000 2.182E-6 2549
6520000 2.2200000000000003E-6 2552
6540000 2.786E-6 2556
6560000 2.187E-6 2560
6580000 2.201E-6 2564
6600000 2.2200000000000003E-6 2568
6620000 2.222E-6 2572
6640000 2.243E-6 2576
6660000 2.187E-6 2580
6680000 2.1790000000000002E-6 2584
6700000 2.227E-6 2587
6720000 2.184E-6 2591
6740000 2.2300000000000002E-6 2595
6760000 2.194E-6 2599
6780000 2.2030000000000003E-6 2603
6800000 2.2250000000000003E-6 2607
6820000 2.262E-6 2611
6840000 2.305E-6 2614
6860000 2.2370000000000004E-6 2618
6880000 2.26E-6 2622
6900000 2.24E-6 2626
6920000 2.272E-6 2630
6940000 2.2700000000000003E-6 2633
6960000 2.7610000000000003E-6 2637
6980000 2.285E-6 2641
7000000 2.297E-6 2645
7020000 2.2530000000000003E-6 2649
7040000 2.288E-6 2652
7060000 2.3E-6 2656
7080000 2.2750000000000002E-6 2660
7100000 2.2980000000000003E-6 2664
7120000 2.2760000000000003E-6 2667
7140000 2.312E-6 2671
7160000 2.3040000000000003E-6 2675
7180000 2.787E-6 2679
7200000 2.357E-6 2682
7220000 2.2990000000000004E-6 2686
7240000 2.3E-6 2690
7260000 2.2920000000000002E-6 2693
7280000 2.297E-6 2697
7300000 2.3200000000000002E-6 2701
7320000 2.308E-6 2705
7340000 2.342E-6 2708
7360000 2.297E-6 2712
7380000 2.323E-6 2716
7400000 2.3100000000000003E-6 2719
7420000 2.341E-6 2723
7440000 2.3030000000000002E-6 2727
7460000 2.319E-6 2730
7480000 2.3440000000000003E-6 2734
7500000 2.3480000000000002E-6 2738
7520000 2.3430000000000003E-6 2741
7540000 2.359E-6 2745
7560000 3.085E-6 2749
7580000 2.386E-6 2752
7600000 2.357E-6 2756
7620000 2.8340000000000003E-6 2759
7640000 2.373E-6 2763
7660000 2.7430000000000002E-6 2767
7680000 2.374E-6 2770
7700000 2.3720000000000003E-6 2774
7720000 2.38E-6 2777
7740000 2.3890000000000003E-6 2781
7760000 2.373E-6 2785
7780000 2.374E-6 2788
7800000 2.3780000000000004E-6 2792
7820000 2.2602E-5 2795
7840000 2.408E-6 2799
7860000 2.577E-6 2803
7880000 2.566E-6 2806
7900000 2.4220000000000003E-6 2810
7920000 2.403E-6 2813
7940000 2.363E-6 2817
7960000 2.346E-6 2820
7980000 2.3370000000000002E-6 2824
8000000 2.3770000000000003E-6 2827
8020000 2.37E-6 2831
8040000 2.35E-6 2834
8060000 2.364E-6 2838
8080000 2.335E-6 2842
8100000 2.3820000000000002E-6 2845
8120000 2.398E-6 2849
8140000 2.403E-6 2852
8160000 2.3830000000000003E-6 2856
8180000 2.368E-6 2859
8200000 2.3830000000000003E-6 2863
8220000 2.425E-6 2866
8240000 2.412E-6 2870
8260000 2.3820000000000002E-6 2873
8280000 2.403E-6 2876
8300000 2.3780000000000004E-6 2880
8320000 5.519580000000001E-4 2883
8340000 3.052E-6 2887
8360000 2.447E-6 2890
8380000 2.418E-6 2894
8400000 2.414E-6 2897
8420000 2.4060000000000003E-6 2901
8440000 2.403E-6 2904
8460000 2.408E-6 2908
8480000 2.414E-6 2911
8500000 2.4050000000000003E-6 2914
8520000 2.415E-6 2918
8540000 2.42E-6 2921
8560000 2.413E-6 2925
8580000 2.407E-6 2928
8600000 2.404E-6 2932
8620000 2.425E-6 2935
8640000 2.4170000000000003E-6 2938
8660000 2.409E-6 2942
8680000 2.446E-6 2945
8700000 2.4270000000000002E-6 2949
8720000 2.447E-6 2952
8740000 2.426E-6 2955
8760000 2.431E-6 2959
8780000 2.452E-6 2962
8800000 2.4340000000000003E-6 2965
8820000 2.454E-6 2969
8840000 2.4670000000000003E-6 2972
8860000 2.4610000000000002E-6 2976
8880000 2.515E-6 2979
8900000 2.463E-6 2982
8920000 2.487E-6 2986
8940000 2.4840000000000003E-6 2989
8960000 2.498E-6 2992
8980000 2.476E-6 2996
9000000 2.4730000000000003E-6 2999
9020000 2.48E-6 3002
9040000 2.477E-6 3006
9060000 2.466E-6 3009
9080000 2.5010000000000003E-6 3012
9100000 2.497E-6 3016
9120000 2.5060000000000002E-6 3019
9140000 2.526E-6 3022
9160000 2.5350000000000003E-6 3026
9180000 2.555E-6 3029
9200000 2.522E-6 3032
9220000 2.533E-6 3035
9240000 2.56E-6 3039
9260000 2.5520000000000003E-6 3042
9280000 2.5020000000000004E-6 3045
9300000 2.5470000000000003E-6 3049
9320000 2.56E-6 3052
9340000 2.556E-6 3055
9360000 2.542E-6 3058
9380000 2.757E-6 3062
9400000 2.59E-6 3065
9420000 2.561E-6 3068
9440000 2.52E-6 3071
9460000 2.555E-6 3075
9480000 2.5580000000000003E-6 3078
9500000 2.5300000000000003E-6 3081
9520000 2.5240000000000003E-6 3084
9540000 2.5350000000000003E-6 3088
9560000 2.548E-6 3091
9580000 2.553E-6 3094
9600000 2.539E-6 3097
9620000 2.566E-6 3101
9640000 2.5680000000000002E-6 3104
9660000 2.515E-6 3107
9680000 2.555E-6 3110
9700000 2.559E-6 3113
9720000 2.571E-6 3117
9740000 2.555E-6 3120
9760000 2.5570000000000003E-6 3123
9780000 2.561E-6 3126
9800000 2.56E-6 3129
9820000 2.5580000000000003E-6 3133
9840000 2.554E-6 3136
9860000 2.549E-6 3139
9880000 2.544E-6 3142
9900000 2.578E-6 3145
9920000 2.5860000000000003E-6 3149
9940000 2.6360000000000003E-6 3152
9960000 2.623E-6 3155
9980000 2.5980000000000004E-6 3158
