200000 8.615100000000001E-5 478
220000 1.5100000000000001E-5 969
240000 1.5689000000000002E-5 1481
260000 1.563E-5 2014
280000 2.0018E-5 2575
300000 1.688E-5 3139
320000 1.6505000000000002E-5 3718
340000 1.8062E-5 4332
360000 1.7927E-5 4955
380000 1.9511E-5 5611
400000 1.9568E-5 6281
420000 1.9615E-5 6960
440000 2.0611E-5 7662
460000 2.1167000000000002E-5 8371
480000 2.0702000000000003E-5 9089
500000 2.1741E-5 9831
520000 2.1794000000000002E-5 10584
540000 2.1975000000000002E-5 11342
560000 2.2550000000000003E-5 12132
580000 2.2976E-5 12906
600000 2.3808000000000003E-5 13696
620000 5.6432000000000005E-5 14522
640000 2.402E-5 15355
660000 2.4936000000000003E-5 16212
680000 2.4403E-5 17054
700000 2.4613000000000003E-5 17912
720000 2.4840000000000003E-5 18768
740000 2.6017000000000002E-5 19662
760000 4.6876E-5 20560
780000 2.6121000000000003E-5 21478
800000 2.6554E-5 22416
820000 2.6089E-5 23332
840000 2.6424000000000003E-5 24255
860000 2.8718000000000002E-5 25228
880000 2.7918000000000003E-5 26205
900000 2.7466E-5 27173
920000 2.8618000000000003E-5 28171
940000 2.8353E-5 29151
960000 2.8875E-5 30160
980000 2.9092000000000002E-5 31182
1000000 2.9775000000000002E-5 32215
1020000 3.0368E-5 33262
1040000 3.0318000000000003E-5 34309
1060000 3.0120000000000003E-5 35352
1080000 3.0948E-5 36435
1100000 3.0756E-5 37515
1120000 3.1807E-5 38621
1140000 3.1403000000000004E-5 39714
1160000 3.2059E-5 40829
1180000 3.2224E-5 41963
1200000 3.2783E-5 43102
1220000 3.1828E-5 44217
1240000 3.2235E-5 45343
1260000 3.3828E-5 46520
1280000 3.4022E-5 47703
1300000 3.3809E-5 48888
1320000 3.3556E-5 50071
1340000 4.0194E-5 51244
1360000 3.4604E-5 52457
1380000 3.4277000000000004E-5 53660
1400000 5.7782000000000003E-5 54891
1420000 3.482E-5 56104
1440000 3.4971E-5 57341
1460000 3.6115E-5 58601
1480000 3.5266000000000004E-5 59832
1500000 3.6158E-5 61080
1520000 4.8886000000000006E-5 62346
1540000 3.6677E-5 63627
1560000 3.6473E-5 64917
1580000 3.6748E-5 66212
1600000 3.7069E-5 67515
1620000 3.6878E-5 68819
1640000 3.716E-5 70120
1660000 3.7988E-5 71467
1680000 3.8503E-5 72811
1700000 3.7792E-5 74148
1720000 3.8870000000000006E-5 75517
1740000 3.9078E-5 76883
1760000 4.9040000000000005E-5 78233
1780000 3.9041E-5 79614
1800000 3.8614E-5 80980
1820000 3.9914000000000004E-5 82377
1840000 4.0276000000000005E-5 83793
1860000 3.9313E-5 85191
1880000 3.9558E-5 86605
1900000 9.1718E-5 88038
1920000 4.0449000000000005E-5 89446
1940000 4.0364E-5 90872
1960000 4.0535000000000004E-5 92317
1980000 4.1155E-5 93771
2000000 4.2496E-5 95236
2020000 4.1987E-5 96707
2040000 4.1834E-5 98192
2060000 4.2124000000000005E-5 99680
2080000 4.2327E-5 101169
2100000 4.3024E-5 102665
2120000 4.1518000000000005E-5 104166
2140000 4.2349000000000004E-5 105668
2160000 4.2309000000000004E-5 107165
2180000 4.3277000000000006E-5 108701
2200000 4.3135E-5 110235
2220000 4.3556E-5 111768
2240000 5.2007000000000005E-5 113291
2260000 4.4482000000000005E-5 114849
2280000 4.3043E-5 116397
2300000 4.3043E-5 117932
2320000 4.4483E-5 119502
2340000 4.7650000000000006E-5 121060
2360000 4.5149000000000004E-5 122651
2380000 4.5010000000000004E-5 124225
2400000 4.5382E-5 125828
2420000 4.4654E-5 127403
2440000 4.5745E-5 129014
2460000 4.6277000000000004E-5 130646
2480000 4.5815E-5 132254
2500000 4.6204E-5 133887
2520000 4.7387000000000006E-5 135535
2540000 4.5362000000000004E-5 137156
2560000 4.6612E-5 138803
2580000 5.4982E-5 140461
2600000 4.6871000000000006E-5 142138
2620000 4.6753000000000005E-5 143784
2640000 4.7521E-5 145442
2660000 4.6912E-5 147119
2680000 4.7772E-5 148806
2700000 4.7551000000000006E-5 150500
2720000 4.8218000000000005E-5 152207
2740000 4.8471000000000004E-5 153922
2760000 4.8284E-5 155646
2780000 4.8857E-5 157369
2800000 4.8926000000000006E-5 159102
2820000 4.9322E-5 160843
2840000 5.153E-5 162580
2860000 5.0371E-5 164324
2880000 4.9759E-5 166074
2900000 4.8733E-5 167817
2920000 4.9303000000000006E-5 169563
2940000 6.0790000000000006E-5 171305
2960000 5.0560000000000004E-5 173085
2980000 4.9963E-5 174873
3000000 5.0235E-5 176652
3020000 5.0342E-5 178429
3040000 4.9688E-5 180191
3060000 5.1659E-5 182001
3080000 5.7209E-5 183799
3100000 4.6302000000000005E-5 185592
3120000 3.6129E-5 187420
3140000 3.1558000000000005E-5 189243
3160000 3.1950000000000004E-5 191047
3180000 3.1466E-5 192886
3200000 3.0531E-5 194712
3220000 3.0892E-5 196572
3240000 3.1165000000000004E-5 198422
3260000 3.1484E-5 200243
3280000 3.1487000000000005E-5 202102
3300000 3.0619E-5 203940
3320000 3.0582E-5 205816
3340000 3.6711E-5 207660
3360000 3.0595E-5 209545
3380000 3.1243E-5 211450
3400000 3.1131000000000004E-5 213337
3420000 3.2487E-5 215249
3440000 3.0880000000000003E-6 217136
3460000 2.961E-6 219044
3480000 2.9590000000000004E-6 220980
3500000 3.2070000000000004E-6 222893
3520000 3.0020000000000002E-6 224826
3540000 4.104E-6 226775
3560000 3.0090000000000003E-6 228702
3580000 2.9850000000000002E-6 230650
3600000 3.001E-6 232613
3620000 2.983E-6 234542
3640000 2.9520000000000003E-6 236494
3660000 3.028E-6 238466
3680000 3.0600000000000003E-6 240440
3700000 2.9740000000000002E-6 242379
3720000 3.0E-6 244341
3740000 3.0190000000000002E-6 246318
3760000 3.029E-6 248309
3780000 3.0430000000000003E-6 250314
3800000 3.058E-6 252325
3820000 3.107E-6 254346
3840000 3.012E-6 256328
3860000 3.079E-6 258326
3880000 3.0990000000000003E-6 260331
3900000 3.0650000000000003E-6 262346
3920000 3.1150000000000002E-6 264368
3940000 3.045E-6 266401
3960000 3.1330000000000003E-6 268443
3980000 3.446E-6 270490
4000000 3.1040000000000003E-6 272537
4020000 3.095E-6 274585
4040000 3.1090000000000002E-6 276642
4060000 3.136E-6 278707
4080000 3.112E-6 280774
4100000 3.18E-6 282844
4120000 3.1170000000000004E-6 284909
4140000 3.1430000000000002E-6 286979
4160000 3.377E-6 289042
4180000 3.106E-6 291090
4200000 3.231E-6 293211
4220000 3.215E-6 295327
4240000 3.2070000000000004E-6 297442
4260000 3.214E-6 299558
4280000 3.209E-6 301669
4300000 3.187E-6 303773
4320000 3.298E-6 305925
4340000 3.199E-6 308064
4360000 3.2790000000000003E-6 310211
4380000 3.2400000000000003E-6 312348
4400000 3.2520000000000004E-6 314472
4420000 3.299E-6 316641
4440000 3.2620000000000003E-6 318800
4460000 3.226E-6 320953
4480000 1.3536E-5 323092
4500000 3.259E-6 325278
4520000 3.272E-6 327462
4540000 3.338E-6 329631
4560000 3.2910000000000003E-6 331829
4580000 3.287E-6 334026
4600000 3.326E-6 336212
4620000 3.3480000000000004E-6 338428
4640000 3.361E-6 340641
4660000 3.3020000000000003E-6 342831
4680000 3.356E-6 345061
4700000 3.287E-6 347281
4720000 3.27E-6 349470
4740000 3.3690000000000003E-6 351708
4760000 3.305E-6 353922
4780000 3.4040000000000004E-6 356175
4800000 3.343E-6 358416
4820000 3.4080000000000002E-6 360678
4840000 3.3910000000000002E-6 362931
4860000 3.3130000000000003E-6 365153
4880000 3.405E-6 367420
4900000 3.3530000000000003E-6 369660
4920000 3.389E-6 371934
4940000 3.3990000000000004E-6 374183
4960000 3.4320000000000003E-6 376468
4980000 3.395E-6 378725
5000000 3.439E-6 381018
5020000 3.384E-6 383272
5040000 3.402E-6 385570
5060000 3.501E-6 387895
5080000 3.462E-6 390194
5100000 3.507E-6 392518
5120000 3.456E-6 394820
5140000 1.3693000000000001E-5 397143
5160000 3.3920000000000003E-6 399435
5180000 3.4550000000000004E-6 401760
5200000 3.5900000000000004E-6 404112
5220000 3.474E-6 406430
5240000 3.497E-6 408773
5260000 2.7096000000000003E-5 411136
5280000 3.4950000000000004E-6 413474
5300000 3.7590000000000003E-6 415835
5320000 5.1870000000000005E-6 418149
5340000 5.3E-6 420503
5360000 5.7050000000000004E-6 422876
5380000 3.6300000000000004E-6 425262
5400000 3.5150000000000002E-6 427626
5420000 3.5510000000000004E-6 430014
5440000 3.637E-6 432418
5460000 3.576E-6 434784
5480000 3.6070000000000004E-6 437179
5500000 3.6000000000000003E-6 439584
5520000 3.699E-6 442013
5540000 3.5320000000000002E-6 444405
5560000 3.5890000000000003E-6 446814
5580000 3.5770000000000002E-6 449235
5600000 3.649E-6 451679
5620000 3.61E-6 454082
5640000 3.633E-6 456504
5660000 3.57E-6 458945
5680000 3.6620000000000003E-6 461394
5700000 3.682E-6 463856
5720000 3.6190000000000004E-6 466279
5740000 3.625E-6 468717
5760000 3.66E-6 471172
5780000 3.6860000000000004E-6 473644
5800000 3.738E-6 476121
5820000 3.74E-6 478610
5840000 3.6580000000000004E-6 481053
5860000 3.643E-6 483514
5880000 3.6920000000000004E-6 485989
5900000 3.6920000000000004E-6 488472
5920000 3.74E-6 490969
5940000 3.7190000000000003E-6 493471
5960000 3.727E-6 495982
5980000 3.7810000000000003E-6 498505
6000000 3.755E-6 501027
6020000 3.6900000000000002E-6 503503
6040000 3.6580000000000004E-6 505992
6060000 3.728E-6 508490
6080000 3.7200000000000004E-6 510999
6100000 3.71E-6 513511
6120000 3.739E-6 516035
6140000 3.7750000000000003E-6 518560
6160000 3.7870000000000003E-6 521099
6180000 3.8100000000000004E-6 523638
6200000 3.844E-6 526183
6220000 3.779E-6 528728
6240000 3.8400000000000005E-6 531281
6260000 3.812E-6 533839
6280000 3.8040000000000003E-6 536397
6300000 3.783E-6 538962
6320000 3.816E-6 541531
6340000 3.7650000000000004E-6 544100
6360000 3.7820000000000004E-6 546673
6380000 3.8080000000000002E-6 549247
6400000 3.7980000000000003E-6 551826
6420000 3.7800000000000002E-6 554403
6440000 3.819E-6 556980
6460000 3.7810000000000003E-6 559553
6480000 3.744E-6 562122
6500000 3.7430000000000004E-6 564680
6520000 3.912E-6 567310
6540000 3.915000000000001E-6 569936
6560000 3.921E-6 572565
6580000 3.885E-6 575193
6600000 3.85E-6 577823
6620000 3.912E-6 580453
6640000 3.847000000000001E-6 583072
6660000 3.827E-6 585690
6680000 3.906E-6 588297
6700000 3.881000000000001E-6 590957
6720000 3.861E-6 593622
6740000 3.89E-6 596283
6760000 3.9350000000000004E-6 598941
6780000 3.924E-6 601596
6800000 3.864000000000001E-6 604237
6820000 3.875E-6 606858
6840000 3.971000000000001E-6 609550
6860000 3.931E-6 612233
6880000 3.897E-6 614911
6900000 3.9180000000000004E-6 617580
6920000 5.0920000000000005E-6 620234
6940000 4.001E-6 622947
6960000 3.98E-6 625652
6980000 3.929E-6 628349
7000000 3.958E-6 631040
7020000 3.853E-6 633705
7040000 4.002E-6 636432
7060000 3.98E-6 639150
7080000 3.9350000000000004E-6 641856
7100000 3.9930000000000006E-6 644544
7120000 4.057E-6 647282
7140000 4.001E-6 650011
7160000 3.989E-6 652735
7180000 3.939E-6 655433
7200000 4.07E-6 658186
7220000 3.971000000000001E-6 660934
7240000 3.99E-6 663662
7260000 4.096E-6 666438
7280000 4.061000000000001E-6 669201
7300000 3.975E-6 671947
7320000 4.063E-6 674672
7340000 4.082E-6 677455
7360000 4.03E-6 680227
7380000 4.038E-6 682974
7400000 4.187E-6 685763
7420000 4.0830000000000005E-6 688547
7440000 4.064E-6 691306
7460000 4.14E-6 694112
7480000 4.090000000000001E-6 696904
7500000 4.043E-6 699671
7520000 9.714E-6 702481
7540000 4.063E-6 705282
7560000 4.047E-6 708050
7580000 4.123E-6 710873
7600000 4.128E-6 713679
7620000 4.131E-6 716517
7640000 4.116E-6 719346
7660000 4.082E-6 722147
7680000 4.221E-6 724991
7700000 4.1440000000000005E-6 727821
7720000 4.227E-6 730681
7740000 1.28204E-4 733529
7760000 4.165E-6 736353
7780000 4.25E-6 739219
7800000 4.209E-6 742064
7820000 4.2000000000000004E-6 744940
7840000 4.171E-6 747798
7860000 4.371E-6 750623
7880000 4.243E-6 753493
7900000 4.186E-6 756342
7920000 4.197000000000001E-6 759227
7940000 4.189E-6 762093
7960000 4.215E-6 764994
7980000 4.194E-6 767872
8000000 4.284E-6 770781
8020000 4.215E-6 773670
8040000 4.222E-6 776587
8060000 4.187E-6 779485
8080000 4.17E-6 782343
8100000 4.2410000000000006E-6 785252
8120000 4.175E-6 788122
8140000 4.262E-6 791040
8160000 1.8801000000000002E-5 793922
8180000 4.272E-6 796847
8200000 4.269E-6 799734
8220000 4.295E-6 802667
8240000 4.197000000000001E-6 805555
8260000 4.32E-6 808489
8280000 4.349E-6 811448
8300000 4.338000000000001E-6 814389
8320000 4.266E-6 817351
8340000 4.288E-6 820298
8360000 4.445000000000001E-6 823267
8380000 4.301E-6 826213
8400000 4.3240000000000004E-6 829184
8420000 4.298E-6 832128
8440000 4.368E-6 835105
8460000 4.335E-6 838044
8480000 4.2730000000000004E-6 841023
8500000 4.395E-6 844025
8520000 4.288E-6 846993
8540000 4.381E-6 849986
8560000 4.317E-6 852955
8580000 4.35E-6 855958
8600000 4.315E-6 858916
8620000 4.4E-6 861914
8640000 4.503E-6 864937
8660000 4.394000000000001E-6 867928
8680000 4.458E-6 870949
8700000 4.347E-6 873923
8720000 4.364E-6 876936
8740000 4.449E-6 879970
8760000 4.416000000000001E-6 882972
8780000 4.468E-6 886002
8800000 4.440000000000001E-6 889052
8820000 4.415E-6 892066
8840000 4.4770000000000005E-6 895113
8860000 4.391E-6 898116
8880000 4.497E-6 901150
8900000 4.4600000000000005E-6 904201
8920000 4.398E-6 907217
8940000 4.485E-6 910266
8960000 4.501000000000001E-6 913339
8980000 4.383E-6 916373
9000000 4.502E-6 919431
9020000 4.512E-6 922509
9040000 4.457000000000001E-6 925552
9060000 4.483E-6 928622
9080000 4.529E-6 931707
9100000 4.4600000000000005E-6 934755
9120000 4.527E-6 937835
9140000 4.525E-6 940931
9160000 4.450000000000001E-6 943979
9180000 4.484000000000001E-6 947062
9200000 4.463E-6 950164
9220000 4.517E-6 953283
9240000 4.4550000000000005E-6 956366
9260000 4.476E-6 959465
9280000 4.6010000000000005E-6 962592
9300000 4.446E-6 965670
9320000 4.51E-6 968780
9340000 4.558E-6 971901
9360000 4.563E-6 975040
9380000 4.534E-6 978142
9400000 4.535000000000001E-6 981266
9420000 4.595E-6 984404
9440000 4.583E-6 987558
9460000 4.5620000000000005E-6 990677
9480000 4.568E-6 993819
9500000 4.594E-6 996975
9520000 4.5960000000000006E-6 1000138
9540000 4.509E-6 1003267
9560000 4.5380000000000004E-6 1006418
9580000 4.658E-6 1009583
9600000 4.628E-6 1012763
9620000 4.508E-6 1015897
9640000 4.554E-6 1019050
9660000 4.582E-6 1022220
9680000 4.694E-6 1025410
9700000 4.6740000000000005E-6 1028611
9720000 4.594E-6 1031764
9740000 4.648E-6 1034938
9760000 4.68E-6 1038134
9780000 4.6300000000000006E-6 1041337
9800000 4.612E-6 1044554
9820000 4.642000000000001E-6 1047727
9840000 4.609E-6 1050916
9860000 4.565E-6 1054114
9880000 4.5960000000000006E-6 1057325
9900000 4.706E-6 1060559
9920000 4.653E-6 1063733
9940000 4.655E-6 1066931
9960000 4.615000000000001E-6 1070148
9980000 4.617E-6 1073378
